40 32.8174 35.7622 2 2020 1 8 6 0 0 281.65 1.0
43 32.8174 35.7622 0 2020 1 8 6 0 0 96819.30932943706 100.0
41 32.8174 35.7622 10 2020 1 8 6 0 0 0.23389736377818912 1.0
42 32.8174 35.7622 10 2020 1 8 6 0 0 0.7650438047704284 1.0
83 32.8174 35.7622 2 2020 1 8 6 0 0 73.0 5.0
40 32.88 35.6504 2 2020 1 8 6 0 0 287.25 1.0
43 32.88 35.6504 0 2020 1 8 6 0 0 103764.07489811163 100.0
41 32.88 35.6504 10 2020 1 8 6 0 0 0.40069889029074396 1.0
42 32.88 35.6504 10 2020 1 8 6 0 0 2.0614170852400946 1.0
83 32.88 35.6504 2 2020 1 8 6 0 0 54.0 5.0
40 32.7024 35.5839 2 2020 1 8 6 0 0 285.45 1.0
43 32.7024 35.5839 0 2020 1 8 6 0 0 103717.55531085284 100.0
41 32.7024 35.5839 10 2020 1 8 6 0 0 -1.53909064496551 1.0
42 32.7024 35.5839 10 2020 1 8 6 0 0 4.228616793536587 1.0
83 32.7024 35.5839 2 2020 1 8 6 0 0 60.0 5.0
40 33.1288 35.8045 2 2020 1 8 6 0 0 276.54999999999995 1.0
43 33.1288 35.8045 0 2020 1 8 6 0 0 90160.62010236758 100.0
41 33.1288 35.8045 10 2020 1 8 6 0 0 3.1649221407631156 1.0
42 33.1288 35.8045 10 2020 1 8 6 0 0 7.4560893129647665 1.0
83 33.1288 35.8045 2 2020 1 8 6 0 0 99.0 5.0
40 32.6978 35.5101 2 2020 1 8 6 0 0 284.65 1.0
43 32.6978 35.5101 0 2020 1 8 6 0 0 101629.48104956961 100.0
41 32.6978 35.5101 10 2020 1 8 6 0 0 -2.4663786763094993 1.0
42 32.6978 35.5101 10 2020 1 8 6 0 0 3.5223537904426636 1.0
83 32.6978 35.5101 2 2020 1 8 6 0 0 61.0 5.0
40 32.7053 35.4069 2 2020 1 8 6 0 0 283.95 1.0
43 32.7053 35.4069 0 2020 1 8 6 0 0 99572.64101226072 100.0
41 32.7053 35.4069 10 2020 1 8 6 0 0 0.7195985391850613 1.0
42 32.7053 35.4069 10 2020 1 8 6 0 0 4.543366366737634 1.0
83 32.7053 35.4069 2 2020 1 8 6 0 0 67.0 5.0
40 32.596 35.2769 2 2020 1 8 6 0 0 282.84999999999997 1.0
43 32.596 35.2769 0 2020 1 8 6 0 0 100593.35217034258 100.0
41 32.596 35.2769 10 2020 1 8 6 0 0 0.15704773516125406 1.0
42 32.596 35.2769 10 2020 1 8 6 0 0 4.497258721585931 1.0
83 32.596 35.2769 2 2020 1 8 6 0 0 80.0 5.0
40 32.1752 35.0959 2 2020 1 8 6 0 0 281.65 1.0
43 32.1752 35.0959 0 2020 1 8 6 0 0 97349.2334403996 100.0
41 32.1752 35.0959 10 2020 1 8 6 0 0 2.0121526974640926 1.0
42 32.1752 35.0959 10 2020 1 8 6 0 0 7.017210380349728 1.0
83 32.1752 35.0959 2 2020 1 8 6 0 0 68.0 5.0
40 32.1056 35.2114 2 2020 1 8 6 0 0 278.95 1.0
43 32.1056 35.2114 0 2020 1 8 6 0 0 93171.31193454008 100.0
41 32.1056 35.2114 10 2020 1 8 6 0 0 7.129723123973355 1.0
42 32.1056 35.2114 10 2020 1 8 6 0 0 4.809058969848426 1.0
83 32.1056 35.2114 2 2020 1 8 6 0 0 77.0 5.0
40 31.7704 35.1973 2 2020 1 8 6 0 0 277.65 1.0
43 31.7704 35.1973 0 2020 1 8 6 0 0 92165.71442659773 100.0
41 31.7704 35.1973 10 2020 1 8 6 0 0 6.996957657115168 1.0
42 31.7704 35.1973 10 2020 1 8 6 0 0 3.8784769619706947 1.0
83 31.7704 35.1973 2 2020 1 8 6 0 0 84.0 5.0
40 31.7806 35.2217 2 2020 1 8 6 0 0 277.75 1.0
43 31.7806 35.2217 0 2020 1 8 6 0 0 91934.0 100.0
41 31.7806 35.2217 10 2020 1 8 6 0 0 5.720359250629786 1.0
42 31.7806 35.2217 10 2020 1 8 6 0 0 3.8584310339481562 1.0
83 31.7806 35.2217 2 2020 1 8 6 0 0 81.0 5.0
40 31.9449 35.1499 2 2020 1 8 6 0 0 277.75 1.0
43 31.9449 35.1499 0 2020 1 8 6 0 0 92168.85840030391 100.0
41 31.9449 35.1499 10 2020 1 8 6 0 0 4.884653426419665 1.0
42 31.9449 35.1499 10 2020 1 8 6 0 0 5.424957225984977 1.0
83 31.9449 35.1499 2 2020 1 8 6 0 0 79.0 5.0
40 31.6898 34.9744 2 2020 1 8 6 0 0 282.25 1.0
43 31.6898 34.9744 0 2020 1 8 6 0 0 98007.80836416688 100.0
41 31.6898 34.9744 10 2020 1 8 6 0 0 2.0510793730800874 1.0
42 31.6898 34.9744 10 2020 1 8 6 0 0 5.9567670262756955 1.0
83 31.6898 34.9744 2 2020 1 8 6 0 0 62.0 5.0
40 31.3568 35.0662 2 2020 1 8 6 0 0 277.34999999999997 1.0
43 31.3568 35.0662 0 2020 1 8 6 0 0 92954.32225832595 100.0
41 31.3568 35.0662 10 2020 1 8 6 0 0 2.8754400573907932 1.0
42 31.3568 35.0662 10 2020 1 8 6 0 0 2.3284854468843976 1.0
83 31.3568 35.0662 2 2020 1 8 6 0 0 81.0 5.0
40 31.25 35.1855 2 2020 1 8 6 0 0 278.95 1.0
43 31.25 35.1855 0 2020 1 8 6 0 0 94562.30909208131 100.0
41 31.25 35.1855 10 2020 1 8 6 0 0 5.219218729599094 1.0
42 31.25 35.1855 10 2020 1 8 6 0 0 5.796529638723675 1.0
83 31.25 35.1855 2 2020 1 8 6 0 0 75.0 5.0
40 31.9973 35.4509 2 2020 1 8 6 0 0 286.54999999999995 1.0
43 31.9973 35.4509 0 2020 1 8 6 0 0 104515.07744730856 100.0
41 31.9973 35.4509 10 2020 1 8 6 0 0 -0.8726573164434069 1.0
42 31.9973 35.4509 10 2020 1 8 6 0 0 1.5743154728509123 1.0
83 31.9973 35.4509 2 2020 1 8 6 0 0 52.0 5.0
40 30.7787 35.2389 2 2020 1 8 6 0 0 283.54999999999995 1.0
43 30.7787 35.2389 0 2020 1 8 6 0 0 102862.56887688614 100.0
41 30.7787 35.2389 10 2020 1 8 6 0 0 0.2876139510672712 1.0
42 30.7787 35.2389 10 2020 1 8 6 0 0 3.28744250370276 1.0
83 30.7787 35.2389 2 2020 1 8 6 0 0 53.0 5.0
40 29.8851 35.0771 2 2020 1 8 6 0 0 281.34999999999997 1.0
43 29.8851 35.0771 0 2020 1 8 6 0 0 100467.396720641 100.0
41 29.8851 35.0771 10 2020 1 8 6 0 0 -0.940456403667957 1.0
42 29.8851 35.0771 10 2020 1 8 6 0 0 -1.294427190999916 1.0
83 29.8851 35.0771 2 2020 1 8 6 0 0 61.0 5.0
40 32.8034 35.0548 2 2020 1 8 6 0 0 283.45 1.0
43 32.8034 35.0548 0 2020 1 8 6 0 0 101263.95607850725 100.0
83 32.8034 35.0548 2 2020 1 8 6 0 0 87.0 5.0
40 32.7611 35.0208 2 2020 1 8 6 0 0 279.04999999999995 1.0
43 32.7611 35.0208 0 2020 1 8 6 0 0 95600.66983077643 100.0
41 32.7611 35.0208 10 2020 1 8 6 0 0 9.062213631117661 1.0
42 32.7611 35.0208 10 2020 1 8 6 0 0 11.19090184498038 1.0
83 32.7611 35.0208 2 2020 1 8 6 0 0 93.0 5.0
40 32.774 35.0225 2 2020 1 8 6 0 0 281.25 1.0
43 32.774 35.0225 0 2020 1 8 6 0 0 98353.97053442457 100.0
41 32.774 35.0225 10 2020 1 8 6 0 0 -2.094884505545631 1.0
42 32.774 35.0225 10 2020 1 8 6 0 0 0.1464885948626632 1.0
83 32.774 35.0225 2 2020 1 8 6 0 0 84.0 5.0
40 32.6808 34.9594 2 2020 1 8 6 0 0 282.34999999999997 1.0
43 32.6808 34.9594 0 2020 1 8 6 0 0 101018.96206439652 100.0
41 32.6808 34.9594 10 2020 1 8 6 0 0 -2.065674876257921 1.0
42 32.6808 34.9594 10 2020 1 8 6 0 0 3.8849694085792783 1.0
83 32.6808 34.9594 2 2020 1 8 6 0 0 84.0 5.0
40 32.5724 34.9546 2 2020 1 8 6 0 0 281.45 1.0
43 32.5724 34.9546 0 2020 1 8 6 0 0 99376.1070897948 100.0
41 32.5724 34.9546 10 2020 1 8 6 0 0 0.7190291260903717 1.0
42 32.5724 34.9546 10 2020 1 8 6 0 0 5.8560222946838 1.0
83 32.5724 34.9546 2 2020 1 8 6 0 0 84.0 5.0
40 32.4732 34.8815 2 2020 1 8 6 0 0 284.75 1.0
43 32.4732 34.8815 0 2020 1 8 6 0 0 101264.23468534717 100.0
41 32.4732 34.8815 10 2020 1 8 6 0 0 -2.660582512976907 1.0
42 32.4732 34.8815 10 2020 1 8 6 0 0 8.702373279263622 1.0
83 32.4732 34.8815 2 2020 1 8 6 0 0 73.0 5.0
40 32.0073 34.8138 2 2020 1 8 6 0 0 283.65 1.0
43 32.0073 34.8138 0 2020 1 8 6 0 0 100940.0 100.0
41 32.0073 34.8138 10 2020 1 8 6 0 0 2.3153537888627915 1.0
42 32.0073 34.8138 10 2020 1 8 6 0 0 8.074598245881878 1.0
83 32.0073 34.8138 2 2020 1 8 6 0 0 58.0 5.0
40 31.2716 34.3894 2 2020 1 8 6 0 0 283.15 1.0
43 31.2716 34.3894 0 2020 1 8 6 0 0 99989.09047534707 100.0
41 31.2716 34.3894 10 2020 1 8 6 0 0 2.0426973124082126 1.0
42 31.2716 34.3894 10 2020 1 8 6 0 0 5.32140843103405 1.0
83 31.2716 34.3894 2 2020 1 8 6 0 0 59.0 5.0
40 31.2515 34.7995 2 2020 1 8 6 0 0 281.45 1.0
43 31.2515 34.7995 0 2020 1 8 6 0 0 98181.0 100.0
41 31.2515 34.7995 10 2020 1 8 6 0 0 -0.0 1.0
42 31.2515 34.7995 10 2020 1 8 6 0 0 -0.2 1.0
83 31.2515 34.7995 2 2020 1 8 6 0 0 64.0 5.0
40 31.2612 34.8047 2 2020 1 8 6 0 0 273.15 1.0
43 31.2612 34.8047 0 2020 1 8 6 0 0 97593.5509445289 100.0
40 32.98 35.507 2 2020 1 8 6 0 0 276.34999999999997 1.0
43 32.98 35.507 0 2020 1 8 6 0 0 90384.0 100.0
41 32.98 35.507 10 2020 1 8 6 0 0 4.030328859111201 1.0
42 32.98 35.507 10 2020 1 8 6 0 0 6.206162202796138 1.0
83 32.98 35.507 2 2020 1 8 6 0 0 99.0 5.0
40 29.5526 34.952 2 2020 1 8 6 0 0 284.25 1.0
43 29.5526 34.952 0 2020 1 8 6 0 0 101540.0 100.0
41 29.5526 34.952 10 2020 1 8 6 0 0 -0.4949747468305832 1.0
42 29.5526 34.952 10 2020 1 8 6 0 0 -0.4949747468305833 1.0
83 29.5526 34.952 2 2020 1 8 6 0 0 49.0 5.0
40 31.0306 35.3919 2 2020 1 8 6 0 0 286.84999999999997 1.0
43 31.0306 35.3919 0 2020 1 8 6 0 0 106380.0 100.0
41 31.0306 35.3919 10 2020 1 8 6 0 0 5.046787864462488 1.0
42 31.0306 35.3919 10 2020 1 8 6 0 0 5.412017391981863 1.0
83 31.0306 35.3919 2 2020 1 8 6 0 0 46.0 5.0
40 32.6028 35.0964 2 2020 1 8 6 0 0 281.45 1.0
43 32.6028 35.0964 0 2020 1 8 6 0 0 98117.56287958745 100.0
41 32.6028 35.0964 10 2020 1 8 6 0 0 1.9294614907189929 1.0
42 32.6028 35.0964 10 2020 1 8 6 0 0 6.728831871568232 1.0
83 32.6028 35.0964 2 2020 1 8 6 0 0 85.0 5.0
40 33.0653 35.2173 2 2020 1 8 6 0 0 280.75 1.0
43 33.0653 35.2173 0 2020 1 8 6 0 0 97692.72971104644 100.0
41 33.0653 35.2173 10 2020 1 8 6 0 0 -0.49703189802865294 1.0
42 33.0653 35.2173 10 2020 1 8 6 0 0 1.6257180851371602 1.0
83 33.0653 35.2173 2 2020 1 8 6 0 0 98.0 5.0
40 31.8166 34.7244 2 2020 1 8 6 0 0 282.65 1.0
43 31.8166 34.7244 0 2020 1 8 6 0 0 100714.49518133883 100.0
83 31.8166 34.7244 2 2020 1 8 6 0 0 63.0 5.0
40 31.7248 34.9762 2 2020 1 8 6 0 0 281.25 1.0
43 31.7248 34.9762 0 2020 1 8 6 0 0 97048.53046339302 100.0
83 31.7248 34.9762 2 2020 1 8 6 0 0 64.0 5.0
40 31.6644 35.1233 2 2020 1 8 6 0 0 276.34999999999997 1.0
43 31.6644 35.1233 0 2020 1 8 6 0 0 90019.36097911788 100.0
41 31.6644 35.1233 10 2020 1 8 6 0 0 9.771707228004079 1.0
42 31.6644 35.1233 10 2020 1 8 6 0 0 5.871434053974621 1.0
83 31.6644 35.1233 2 2020 1 8 6 0 0 93.0 5.0
40 32.8466 35.1123 2 2020 1 8 6 0 0 282.65 1.0
43 32.8466 35.1123 0 2020 1 8 6 0 0 101110.0 100.0
41 32.8466 35.1123 10 2020 1 8 6 0 0 -1.0160719615186045 1.0
42 32.8466 35.1123 10 2020 1 8 6 0 0 4.0752420503591855 1.0
83 32.8466 35.1123 2 2020 1 8 6 0 0 96.0 5.0
40 31.5036 34.648 2 2020 1 8 6 0 0 281.54999999999995 1.0
43 31.5036 34.648 0 2020 1 8 6 0 0 99920.90837281758 100.0
41 31.5036 34.648 10 2020 1 8 6 0 0 1.8127067596260438 1.0
42 31.5036 34.648 10 2020 1 8 6 0 0 4.9803708901653145 1.0
83 31.5036 34.648 2 2020 1 8 6 0 0 68.0 5.0
40 31.6585 34.6798 2 2020 1 8 6 0 0 282.15 1.0
43 31.6585 34.6798 0 2020 1 8 6 0 0 100166.14829876622 100.0
41 31.6585 34.6798 10 2020 1 8 6 0 0 0.1674750599774194 1.0
42 31.6585 34.6798 10 2020 1 8 6 0 0 3.1956145112146364 1.0
83 31.6585 34.6798 2 2020 1 8 6 0 0 67.0 5.0
43 32.0079 34.8147 0 2020 1 8 6 0 0 101325.12072428616 100.0
40 32.1598 35.3513 2 2020 1 8 6 0 0 277.75 1.0
43 32.1598 35.3513 0 2020 1 8 6 0 0 91603.75426388398 100.0
41 32.1598 35.3513 10 2020 1 8 6 0 0 4.411767544241666 1.0
42 32.1598 35.3513 10 2020 1 8 6 0 0 7.959039334968502 1.0
83 32.1598 35.3513 2 2020 1 8 6 0 0 86.0 5.0
40 30.8702 34.795 2 2020 1 8 6 0 0 280.45 1.0
43 30.8702 34.795 0 2020 1 8 6 0 0 95628.42675073675 100.0
41 30.8702 34.795 10 2020 1 8 6 0 0 5.488318696736243 1.0
42 30.8702 34.795 10 2020 1 8 6 0 0 3.842962123552011 1.0
83 30.8702 34.795 2 2020 1 8 6 0 0 66.0 5.0
40 33.0806 35.1079 2 2020 1 8 6 0 0 282.54999999999995 1.0
43 33.0806 35.1079 0 2020 1 8 6 0 0 101202.56040186765 100.0
41 33.0806 35.1079 10 2020 1 8 6 0 0 -5.734064310022944 1.0
42 33.0806 35.1079 10 2020 1 8 6 0 0 4.015035054457321 1.0
83 33.0806 35.1079 2 2020 1 8 6 0 0 96.0 5.0
40 32.3877 34.9376 2 2020 1 8 6 0 0 282.84999999999997 1.0
43 32.3877 34.9376 0 2020 1 8 6 0 0 101141.59065676692 100.0
83 32.3877 34.9376 2 2020 1 8 6 0 0 82.0 5.0
40 31.0708 34.8513 2 2020 1 8 6 0 0 280.95 1.0
43 31.0708 34.8513 0 2020 1 8 6 0 0 96985.07695123926 100.0
41 31.0708 34.8513 10 2020 1 8 6 0 0 5.048424097670394 1.0
42 31.0708 34.8513 10 2020 1 8 6 0 0 6.4616881795751215 1.0
83 31.0708 34.8513 2 2020 1 8 6 0 0 65.0 5.0
40 32.8214 35.6053 2 2020 1 8 6 0 0 287.65 1.0
43 32.8214 35.6053 0 2020 1 8 6 0 0 103958.0049807443 100.0
41 32.8214 35.6053 10 2020 1 8 6 0 0 -0.6798147934317373 1.0
42 32.8214 35.6053 10 2020 1 8 6 0 0 7.770318645115615 1.0
83 32.8214 35.6053 2 2020 1 8 6 0 0 67.0 5.0
40 31.791 34.805 2 2020 1 8 6 0 0 282.75 1.0
43 31.791 34.805 0 2020 1 8 6 0 0 100350.3025322779 100.0
41 31.791 34.805 10 2020 1 8 6 0 0 0.09598823540505756 1.0
42 31.791 34.805 10 2020 1 8 6 0 0 5.499162323360152 1.0
83 31.791 34.805 2 2020 1 8 6 0 0 65.0 5.0
40 32.915 35.5135 2 2020 1 8 6 0 0 282.84999999999997 1.0
43 32.915 35.5135 0 2020 1 8 6 0 0 98727.62146382654 100.0
41 32.915 35.5135 10 2020 1 8 6 0 0 -0.0 1.0
42 32.915 35.5135 10 2020 1 8 6 0 0 -0.0 1.0
83 32.915 35.5135 2 2020 1 8 6 0 0 72.0 5.0
40 31.8342 34.6377 2 2020 1 8 6 0 0 284.75 1.0
43 31.8342 34.6377 0 2020 1 8 6 0 0 101264.23468534717 100.0
41 31.8342 34.6377 10 2020 1 8 6 0 0 0.010467191248588713 1.0
42 31.8342 34.6377 10 2020 1 8 6 0 0 0.19972590695091477 1.0
83 31.8342 34.6377 2 2020 1 8 6 0 0 65.0 5.0
40 32.058 34.7588 2 2020 1 8 6 0 0 283.95 1.0
43 32.058 34.7588 0 2020 1 8 6 0 0 101203.16372054476 100.0
41 32.058 34.7588 10 2020 1 8 6 0 0 -0.383485268089698 1.0
42 32.058 34.7588 10 2020 1 8 6 0 0 4.3832566716036805 1.0
83 32.058 34.7588 2 2020 1 8 6 0 0 61.0 5.0
40 32.7078 35.1784 2 2020 1 8 6 0 0 282.34999999999997 1.0
43 32.7078 35.1784 0 2020 1 8 6 0 0 99924.85905948673 100.0
41 32.7078 35.1784 10 2020 1 8 6 0 0 0.37668495821827414 1.0
42 32.7078 35.1784 10 2020 1 8 6 0 0 5.386845871403052 1.0
83 32.7078 35.1784 2 2020 1 8 6 0 0 86.0 5.0
40 31.7878 35.1258 2 2020 1 8 6 0 0 277.65 1.0
43 31.7878 35.1258 0 2020 1 8 6 0 0 92848.66648059088 100.0
41 31.7878 35.1258 10 2020 1 8 6 0 0 4.91491226573395 1.0
42 31.7878 35.1258 10 2020 1 8 6 0 0 3.441458618106278 1.0
83 31.7878 35.1258 2 2020 1 8 6 0 0 92.0 5.0
40 33.1716 35.6133 2 2020 1 8 6 0 0 282.25 1.0
43 33.1716 35.6133 0 2020 1 8 6 0 0 100409.33360254603 100.0
41 33.1716 35.6133 10 2020 1 8 6 0 0 0.6894399988070803 1.0
42 33.1716 35.6133 10 2020 1 8 6 0 0 -0.5785088487178853 1.0
83 33.1716 35.6133 2 2020 1 8 6 0 0 98.0 5.0
40 32.8847 35.3012 2 2020 1 8 6 0 0 280.54999999999995 1.0
43 32.8847 35.3012 0 2020 1 8 6 0 0 96861.00095999298 100.0
41 32.8847 35.3012 10 2020 1 8 6 0 0 -0.5859543794506544 1.0
42 32.8847 35.3012 10 2020 1 8 6 0 0 8.379538022182524 1.0
83 32.8847 35.3012 2 2020 1 8 6 0 0 86.0 5.0
40 32.4679 35.4888 2 2020 1 8 6 0 0 285.65 1.0
43 32.4679 35.4888 0 2020 1 8 6 0 0 102789.69420244607 100.0
41 32.4679 35.4888 10 2020 1 8 6 0 0 3.370164129651469 1.0
42 32.4679 35.4888 10 2020 1 8 6 0 0 4.472358856264841 1.0
83 32.4679 35.4888 2 2020 1 8 6 0 0 58.0 5.0
40 30.3655 35.1479 2 2020 1 8 6 0 0 282.65 1.0
43 30.3655 35.1479 0 2020 1 8 6 0 0 100107.66878491903 100.0
41 30.3655 35.1479 10 2020 1 8 6 0 0 2.280499296837344 1.0
42 30.3655 35.1479 10 2020 1 8 6 0 0 7.459177096511677 1.0
83 30.3655 35.1479 2 2020 1 8 6 0 0 56.0 5.0
40 31.6394 34.5215 2 2020 1 8 6 0 0 283.75 1.0
43 31.6394 34.5215 0 2020 1 8 6 0 0 101264.02059891156 100.0
41 31.6394 34.5215 10 2020 1 8 6 0 0 -0.7190291260903705 1.0
42 31.6394 34.5215 10 2020 1 8 6 0 0 5.8560222946838 1.0
83 31.6394 34.5215 2 2020 1 8 6 0 0 61.0 5.0
40 31.5881 35.3916 2 2020 1 8 6 0 0 284.75 1.0
43 31.5881 35.3916 0 2020 1 8 6 0 0 101264.23468534717 100.0
41 31.5881 35.3916 10 2020 1 8 6 0 0 5.819073997695483 1.0
42 31.5881 35.3916 10 2020 1 8 6 0 0 8.009268244311981 1.0
83 31.5881 35.3916 2 2020 1 8 6 0 0 51.0 5.0
40 31.42 35.3871 2 2020 1 8 6 0 0 287.54999999999995 1.0
43 31.42 35.3871 0 2020 1 8 6 0 0 106446.12134596234 100.0
41 31.42 35.3871 10 2020 1 8 6 0 0 0.5403656050354793 1.0
42 31.42 35.3871 10 2020 1 8 6 0 0 6.176407128168822 1.0
83 31.42 35.3871 2 2020 1 8 6 0 0 43.0 5.0
40 31.774 35.2961 2 2020 1 8 6 0 0 280.84999999999997 1.0
43 31.774 35.2961 0 2020 1 8 6 0 0 95461.96410331015 100.0
41 31.774 35.2961 10 2020 1 8 6 0 0 3.703650541951594 1.0
42 31.774 35.2961 10 2020 1 8 6 0 0 2.893608934030593 1.0
83 31.774 35.2961 2 2020 1 8 6 0 0 67.0 5.0
40 32.481 35.415 2 2020 1 8 6 0 0 280.54999999999995 1.0
43 32.481 35.415 0 2020 1 8 6 0 0 95397.77747883672 100.0
41 32.481 35.415 10 2020 1 8 6 0 0 5.246902695677818 1.0
42 32.481 35.415 10 2020 1 8 6 0 0 11.784736403589555 1.0
83 32.481 35.415 2 2020 1 8 6 0 0 75.0 5.0
40 32.9052 35.7487 2 2020 1 8 6 0 0 281.54999999999995 1.0
43 32.9052 35.7487 0 2020 1 8 6 0 0 96465.94696899786 100.0
41 32.9052 35.7487 10 2020 1 8 6 0 0 1.7606509890547866 1.0
42 32.9052 35.7487 10 2020 1 8 6 0 0 4.357764116463901 1.0
83 32.9052 35.7487 2 2020 1 8 6 0 0 71.0 5.0
40 31.8052 35.501 2 2020 1 8 6 0 0 287.75 1.0
43 31.8052 35.501 0 2020 1 8 6 0 0 105373.6841524548 100.0
41 31.8052 35.501 10 2020 1 8 6 0 0 2.0426973124082126 1.0
42 31.8052 35.501 10 2020 1 8 6 0 0 5.32140843103405 1.0
83 31.8052 35.501 2 2020 1 8 6 0 0 45.0 5.0
40 30.048 35.0233 2 2020 1 8 6 0 0 277.45 1.0
43 30.048 35.0233 0 2020 1 8 6 0 0 96455.28434592976 100.0
41 30.048 35.0233 10 2020 1 8 6 0 0 0.7725571123650812 1.0
42 30.048 35.0233 10 2020 1 8 6 0 0 1.2857509510531684 1.0
83 30.048 35.0233 2 2020 1 8 6 0 0 77.0 5.0
40 32.8835 35.5792 2 2020 1 8 6 0 0 287.45 1.0
43 32.8835 35.5792 0 2020 1 8 6 0 0 103762.35760594046 100.0
41 32.8835 35.5792 10 2020 1 8 6 0 0 0.1814773828530047 1.0
42 32.8835 35.5792 10 2020 1 8 6 0 0 5.196832300499298 1.0
83 32.8835 35.5792 2 2020 1 8 6 0 0 55.0 5.0
40 31.6303 34.7913 2 2020 1 8 6 0 0 282.15 1.0
43 31.6303 34.7913 0 2020 1 8 6 0 0 99621.85383444473 100.0
83 31.6303 34.7913 2 2020 1 8 6 0 0 67.0 5.0
40 33.2404 35.5696 2 2020 1 8 6 0 0 279.95 1.0
43 33.2404 35.5696 0 2020 1 8 6 0 0 97088.32147709621 100.0
41 33.2404 35.5696 10 2020 1 8 6 0 0 0.4987820251299121 1.0
42 33.2404 35.5696 10 2020 1 8 6 0 0 0.03487823687206279 1.0
83 33.2404 35.5696 2 2020 1 8 6 0 0 100.0 5.0
40 31.8341 34.9616 2 2020 1 8 6 0 0 282.25 1.0
43 31.8341 34.9616 0 2020 1 8 6 0 0 99141.28555083415 100.0
41 31.8341 34.9616 10 2020 1 8 6 0 0 2.311533896645813 1.0
42 31.8341 34.9616 10 2020 1 8 6 0 0 6.713181886755148 1.0
83 31.8341 34.9616 2 2020 1 8 6 0 0 63.0 5.0
40 32.5564 35.0725 2 2020 1 8 6 0 0 282.54999999999995 1.0
43 32.5564 35.0725 0 2020 1 8 6 0 0 99083.65908179151 100.0
83 32.5564 35.0725 2 2020 1 8 6 0 0 79.0 5.0
40 32.956 35.3287 2 2020 1 8 6 0 0 277.04999999999995 1.0
43 32.956 35.3287 0 2020 1 8 6 0 0 91580.41319546298 100.0
41 32.956 35.3287 10 2020 1 8 6 0 0 0.19174263404484748 1.0
42 32.956 35.3287 10 2020 1 8 6 0 0 2.1916283358018402 1.0
83 32.956 35.3287 2 2020 1 8 6 0 0 100.0 5.0
40 30.7877 34.7712 2 2020 1 8 6 0 0 280.45 1.0
43 30.7877 34.7712 0 2020 1 8 6 0 0 94701.02007107275 100.0
41 30.7877 34.7712 10 2020 1 8 6 0 0 8.754631130584151 1.0
42 30.7877 34.7712 10 2020 1 8 6 0 0 7.610284736289888 1.0
83 30.7877 34.7712 2 2020 1 8 6 0 0 67.0 5.0
40 31.7319 34.6348 2 2020 1 8 6 0 0 282.65 1.0
43 31.7319 34.6348 0 2020 1 8 6 0 0 100958.2544524852 100.0
41 31.7319 34.6348 10 2020 1 8 6 0 0 1.1247552717193248 1.0
42 31.7319 34.6348 10 2020 1 8 6 0 0 4.871850323926176 1.0
83 31.7319 34.6348 2 2020 1 8 6 0 0 67.0 5.0
40 30.7911 34.4715 2 2020 1 8 6 0 0 281.65 1.0
43 30.7911 34.4715 0 2020 1 8 6 0 0 97290.21004104686 100.0
41 30.7911 34.4715 10 2020 1 8 6 0 0 3.950000000000001 1.0
42 30.7911 34.4715 10 2020 1 8 6 0 0 6.841600689897065 1.0
83 30.7911 34.4715 2 2020 1 8 6 0 0 61.0 5.0
40 32.9836 35.0923 2 2020 1 8 6 0 0 281.84999999999997 1.0
43 32.9836 35.0923 0 2020 1 8 6 0 0 101202.2564962964 100.0
41 32.9836 35.0923 10 2020 1 8 6 0 0 -1.5768189779993211 1.0
42 32.9836 35.0923 10 2020 1 8 6 0 0 4.107753876587688 1.0
83 32.9836 35.0923 2 2020 1 8 6 0 0 91.0 5.0
40 31.205 34.9227 2 2020 1 8 6 0 0 279.95 1.0
43 31.205 34.9227 0 2020 1 8 6 0 0 97088.32147709621 100.0
41 31.205 34.9227 10 2020 1 8 6 0 0 5.752478501329072 1.0
42 31.205 34.9227 10 2020 1 8 6 0 0 4.494328769877304 1.0
83 31.205 34.9227 2 2020 1 8 6 0 0 72.0 5.0
40 31.3812 34.8729 2 2020 1 8 6 0 0 280.65 1.0
43 31.3812 34.8729 0 2020 1 8 6 0 0 95807.14970283309 100.0
83 31.3812 34.8729 2 2020 1 8 6 0 0 71.0 5.0
40 33.0255 35.577 2 2020 1 8 6 0 0 282.25 1.0
43 33.0255 35.577 0 2020 1 8 6 0 0 99261.35888813109 100.0
83 33.0255 35.577 2 2020 1 8 6 0 0 85.0 5.0
40 32.6833 35.6008 2 2020 1 8 6 0 0 285.75 1.0
43 32.6833 35.6008 0 2020 1 8 6 0 0 103777.03213012574 100.0
83 32.6833 35.6008 2 2020 1 8 6 0 0 57.0 5.0
40 32.439 35.5106 2 2020 1 8 6 0 0 284.54999999999995 1.0
43 32.439 35.5106 0 2020 1 8 6 0 0 103600.75209135887 100.0
83 32.439 35.5106 2 2020 1 8 6 0 0 66.0 5.0
40 30.6125 34.7967 2 2020 1 8 6 0 0 277.75 1.0
43 30.6125 34.7967 0 2020 1 8 6 0 0 91098.1235146773 100.0
41 30.6125 34.7967 10 2020 1 8 6 0 0 6.212109111969687 1.0
42 30.6125 34.7967 10 2020 1 8 6 0 0 2.7658091729154406 1.0
83 30.6125 34.7967 2 2020 1 8 6 0 0 78.0 5.0
40 32.5462 35.3945 2 2020 1 8 6 0 0 285.75 1.0
43 32.5462 35.3945 0 2020 1 8 6 0 0 102115.48830705787 100.0
41 32.5462 35.3945 10 2020 1 8 6 0 0 2.424048101231685 1.0
42 32.5462 35.3945 10 2020 1 8 6 0 0 4.373098535696979 1.0
83 32.5462 35.3945 2 2020 1 8 6 0 0 58.0 5.0
40 30.983 34.708 2 2020 1 8 6 0 0 281.34999999999997 1.0
43 30.983 34.708 0 2020 1 8 6 0 0 97914.0 100.0
41 30.983 34.708 10 2020 1 8 6 0 0 4.249866066377675 1.0
42 30.983 34.708 10 2020 1 8 6 0 0 6.300685551418318 1.0
83 30.983 34.708 2 2020 1 8 6 0 0 62.0 5.0
40 33.2254 35.6337 2 2020 1 8 6 0 0 281.95 1.0
43 33.2254 35.6337 0 2020 1 8 6 0 0 99681.02882670778 100.0
41 33.2254 35.6337 10 2020 1 8 6 0 0 -2.1 1.0
42 33.2254 35.6337 10 2020 1 8 6 0 0 -1.285879139104721e-16 1.0
83 33.2254 35.6337 2 2020 1 8 6 0 0 91.0 5.0
